28x14 = Bob

-------------------------------------------------------
0 0 7 7 7 7 0 7 7 7 7 7 0 7 7 7 7 7 0 0 0 0 0 0 0 0 0 0 
0 0 7 0 0 7 0 7 0 0 0 7 0 7 0 0 0 7 0 0 0 0 0 0 0 0 0 0 
0 0 7 7 7 7 0 7 0 0 0 7 0 7 7 7 7 7 0 0 0 0 0 0 0 0 0 0 
0 0 7 0 0 7 0 7 0 0 0 7 0 7 0 0 0 7 0 0 0 0 0 0 0 0 0 0 
0 0 7 7 7 7 0 7 7 7 7 7 0 7 7 7 7 7 0 0 0 0 0 0 0 0 0 4 
0 0 0 0 0 0 0 0 0 0 0 0 0 0 0 0 0 0 0 0 0 0 0 0 0 0 4 4 
0 0 0 0 0 0 0 0 0 0 0 0 0 0 0 0 0 0 0 0 0 0 0 0 0 4 4 4 
0 0 0 0 0 0 0 0 0 0 0 0 0 0 0 0 0 0 0 0 0 0 0 0 4 4 4 4 
0 0 2 2 0 2 0 2 0 0 0 0 0 0 0 0 0 0 0 0 0 0 0 4 4 4 4 4 
0 0 0 2 2 0 2 0 0 0 0 0 0 0 0 0 0 0 0 0 0 0 4 4 4 4 4 4 
0 0 2 0 2 0 0 2 0 0 0 0 0 0 0 0 0 0 0 0 0 4 4 4 4 4 4 4 
0 2 0 0 1 2 0 0 0 0 0 0 0 0 0 0 0 0 0 0 4 4 4 4 4 4 4 4 
0 0 0 0 1 0 0 0 0 0 0 0 0 0 0 0 0 0 0 4 4 4 4 4 4 4 4 4 
0 0 0 0 1 0 0 0 0 0 0 0 0 0 0 0 0 0 4 4 4 4 4 4 4 4 4 4 
-------------------------------------------------------